0.000000 0.000000
23.437500 -4.420776
46.875000 -17.456345
70.312500 -16.526184
93.750000 -14.190765
117.187500 -18.707199
140.625000 -23.813507
164.062500 -25.794228
187.500000 -25.930626
210.937500 -25.985138
234.375000 -25.381615
257.812500 -24.924385
281.250000 -25.138657
304.687500 -25.937859
328.125000 -27.106339
351.562500 -26.371078
375.000000 -26.756699
398.437500 -27.020042
421.875000 -25.663124
445.312500 -24.448441
468.750000 -25.424202
492.187500 -25.732895
515.625000 -25.778069
539.062500 -24.288437
562.500000 -21.738457
585.937500 -21.977417
609.375000 -17.354164
632.812500 -14.702263
656.250000 -18.320312
679.687500 -23.901413
703.125000 -23.335793
726.562500 -22.426987
750.000000 -22.753426
773.437500 -22.884132
796.875000 -20.724945
820.312500 -19.233292
843.750000 -20.956230
867.187500 -22.622192
890.625000 -23.282639
914.062500 -24.465126
937.500000 -25.415230
960.937500 -25.225899
984.375000 -25.139961
1007.812500 -24.043007
1031.250000 -20.799118
1054.687500 -17.345047
1078.125000 -15.766075
1101.562500 -17.523514
1125.000000 -20.221321
1148.437500 -19.885078
1171.875000 -20.545433
1195.312500 -20.381660
1218.750000 -22.101685
1242.187500 -24.583099
1265.625000 -23.871628
1289.062500 -23.561005
1312.500000 -23.893188
1335.937500 -23.850861
1359.375000 -23.550102
1382.812500 -24.252190
1406.250000 -24.723366
1429.687500 -25.370010
1453.125000 -25.958878
1476.562500 -26.282364
1500.000000 -26.878090
1523.437500 -26.164673
1546.875000 -26.093750
1570.312500 -27.017181
1593.750000 -27.522942
1617.187500 -27.474297
1640.625000 -27.663727
1664.062500 -27.327316
1687.500000 -27.263123
1710.937500 -28.366760
1734.375000 -28.592186
1757.812500 -27.841949
1781.250000 -27.971710
1804.687500 -28.878471
1828.125000 -28.821144
1851.562500 -28.248344
1875.000000 -28.393776
1898.437500 -29.078285
1921.875000 -28.211357
1945.312500 -27.707077
1968.750000 -27.424614
1992.187500 -26.564568
2015.625000 -26.826263
2039.062500 -27.623695
2062.500000 -27.760208
2085.937500 -27.764015
2109.375000 -28.442986
2132.812500 -29.201897
2156.250000 -29.497192
2179.687500 -28.684464
2203.125000 -26.894806
2226.562500 -26.767700
2250.000000 -27.361023
2273.437500 -25.146423
2296.875000 -23.817131
2320.312500 -24.936958
2343.750000 -26.084084
2367.187500 -26.004211
2390.625000 -26.054619
2414.062500 -26.774895
2437.500000 -25.680252
2460.937500 -25.056412
2484.375000 -25.721535
2507.812500 -27.073555
2531.250000 -26.239235
2554.687500 -25.846588
2578.125000 -22.271385
2601.562500 -18.178772
2625.000000 -13.782997
2648.437500 -12.321587
2671.875000 -15.308861
2695.312500 -22.358971
2718.750000 -21.763725
2742.187500 -21.059151
2765.625000 -23.315910
2789.062500 -22.949791
2812.500000 -21.077736
2835.937500 -21.735817
2859.375000 -23.009186
2882.812500 -21.130089
2906.250000 -22.648369
2929.687500 -24.908852
2953.125000 -26.183464
2976.562500 -26.799873
3000.000000 -24.127861
3023.437500 -24.853233
3046.875000 -26.719498
3070.312500 -28.571014
3093.750000 -27.031311
3117.187500 -24.677811
3140.625000 -24.869255
3164.062500 -25.832756
3187.500000 -26.266090
3210.937500 -25.753960
3234.375000 -24.925522
3257.812500 -24.037018
3281.250000 -24.260986
3304.687500 -25.075432
3328.125000 -26.191078
3351.562500 -25.474533
3375.000000 -24.883667
3398.437500 -23.722031
3421.875000 -23.381996
3445.312500 -23.794090
3468.750000 -23.672707
3492.187500 -23.875427
3515.625000 -23.988182
3539.062500 -24.310181
3562.500000 -25.950890
3585.937500 -26.553200
3609.375000 -26.907043
3632.812500 -26.784554
3656.250000 -26.565903
3679.687500 -27.898590
3703.125000 -28.253181
3726.562500 -27.747681
3750.000000 -27.881874
3773.437500 -28.075356
3796.875000 -28.111832
3820.312500 -28.504448
3843.750000 -28.498489
3867.187500 -27.522568
3890.625000 -28.286667
3914.062500 -28.532600
3937.500000 -28.080124
3960.937500 -28.123535
3984.375000 -29.370636
4007.812500 -29.688904
4031.250000 -28.312263
4054.687500 -28.603516
4078.125000 -28.997894
4101.562500 -29.245636
4125.000000 -29.718025
4148.437500 -29.372635
4171.875000 -29.157555
4195.312500 -28.669464
4218.750000 -28.979485
4242.187500 -29.770729
4265.625000 -30.404175
4289.062500 -29.159439
4312.500000 -28.821960
4335.937500 -29.842972
4359.375000 -30.359116
4382.812500 -29.161369
4406.250000 -26.858032
4429.687500 -27.073975
4453.125000 -26.632996
4476.562500 -24.858109
4500.000000 -25.683258
4523.437500 -28.697746
4546.875000 -25.817764
4570.312500 -24.835922
4593.750000 -28.378716
4617.187500 -28.453697
4640.625000 -22.089676
4664.062500 -19.131592
4687.500000 -14.965378
4710.937500 -15.827499
4734.375000 -12.918510
4757.812500 -9.309502
4781.250000 -16.461105
4804.687500 -22.365906
4828.125000 -22.931290
4851.562500 -20.631660
4875.000000 -17.320450
4898.437500 -21.856453
4921.875000 -29.353539
4945.312500 -28.454643
4968.750000 -29.391815
4992.187500 -28.303566
5015.625000 -28.077919
5039.062500 -29.486092
5062.500000 -30.032944
5085.937500 -29.209747
5109.375000 -29.552528
5132.812500 -30.325546
5156.250000 -29.454567
5179.687500 -29.367546
5203.125000 -28.666527
5226.562500 -28.369431
5250.000000 -29.218674
5273.437500 -30.318687
5296.875000 -29.930305
5320.312500 -29.140823
5343.750000 -29.352234
5367.187500 -30.922340
5390.625000 -30.945122
5414.062500 -31.416435
5437.500000 -30.995010
5460.937500 -30.682251
5484.375000 -31.435478
5507.812500 -31.274658
5531.250000 -30.571892
5554.687500 -29.790749
5578.125000 -29.222786
5601.562500 -30.427681
5625.000000 -30.153130
5648.437500 -30.479080
5671.875000 -30.494453
5695.312500 -29.787506
5718.750000 -30.285767
5742.187500 -31.015793
5765.625000 -31.757057
5789.062500 -32.577957
5812.500000 -32.660706
5835.937500 -32.075996
5859.375000 -32.602753
5882.812500 -32.254189
5906.250000 -31.476349
5929.687500 -31.337082
5953.125000 -31.257957
5976.562500 -30.495407
6000.000000 -30.192055
6023.437500 -31.033836
6046.875000 -31.860435
6070.312500 -31.107750
6093.750000 -31.141136
6117.187500 -31.286354
6140.625000 -31.249725
6164.062500 -31.948029
6187.500000 -31.303581
6210.937500 -30.246284
6234.375000 -30.849426
6257.812500 -29.738617
6281.250000 -28.755867
6304.687500 -29.520027
6328.125000 -29.384674
6351.562500 -30.900581
6375.000000 -29.343178
6398.437500 -25.466995
6421.875000 -24.941841
6445.312500 -28.115311
6468.750000 -29.889458
6492.187500 -29.700508
6515.625000 -31.015335
6539.062500 -30.868225
6562.500000 -30.594818
6585.937500 -31.526855
6609.375000 -31.627365
6632.812500 -30.127388
6656.250000 -30.875053
6679.687500 -31.182159
6703.125000 -30.778824
6726.562500 -29.731628
6750.000000 -28.833466
6773.437500 -30.174614
6796.875000 -30.091759
6820.312500 -31.076973
6843.750000 -32.820732
6867.187500 -31.946571
6890.625000 -30.578934
6914.062500 -29.410156
6937.500000 -29.518433
6960.937500 -30.313141
6984.375000 -29.413483
7007.812500 -27.792877
7031.250000 -29.006577
7054.687500 -30.711624
7078.125000 -31.021072
7101.562500 -28.522987
7125.000000 -27.140030
7148.437500 -27.774689
7171.875000 -24.071968
7195.312500 -17.963554
7218.750000 -15.108047
7242.187500 -16.189545
7265.625000 -19.591705
7289.062500 -24.578926
7312.500000 -27.405434
7335.937500 -29.975616
7359.375000 -30.293907
7382.812500 -30.621254
7406.250000 -30.293709
7429.687500 -29.578720
7453.125000 -29.523155
7476.562500 -30.960907
7500.000000 -31.980972
7523.437500 -33.161270
7546.875000 -31.876411
7570.312500 -30.312447
7593.750000 -30.513306
7617.187500 -31.400040
7640.625000 -31.444633
7664.062500 -30.708740
7687.500000 -30.212875
7710.937500 -30.253304
7734.375000 -31.361397
7757.812500 -31.654266
7781.250000 -30.823677
7804.687500 -30.629753
7828.125000 -31.382034
7851.562500 -31.439240
7875.000000 -31.268951
7898.437500 -32.174561
7921.875000 -32.495407
7945.312500 -33.315300
7968.750000 -33.056068
7992.187500 -32.445198
8015.625000 -33.318405
8039.062500 -32.854729
8062.500000 -32.651428
8085.937500 -33.039024
8109.375000 -33.194595
8132.812500 -33.535110
8156.250000 -33.360924
8179.687500 -32.901367
8203.125000 -32.881676
8226.562500 -33.454483
8250.000000 -33.449318
8273.437500 -33.409882
8296.875000 -32.866417
8320.312500 -32.091469
8343.750000 -31.800568
8367.187500 -32.538101
8390.625000 -33.118317
8414.062500 -32.246391
8437.500000 -31.952530
8460.937500 -31.726921
8484.375000 -32.578812
8507.812500 -33.076836
8531.250000 -32.994041
8554.687500 -32.871796
8578.125000 -33.070976
8601.562500 -32.340698
8625.000000 -32.274971
8648.437500 -32.684753
8671.875000 -33.203796
8695.312500 -33.476761
8718.750000 -33.119164
8742.187500 -32.630005
8765.625000 -31.687805
8789.062500 -31.390587
8812.500000 -31.768860
8835.937500 -31.813370
8859.375000 -32.081306
8882.812500 -32.701782
8906.250000 -32.160805
8929.687500 -31.524841
8953.125000 -31.885483
8976.562500 -32.367912
9000.000000 -33.358841
9023.437500 -33.789825
9046.875000 -33.196777
9070.312500 -33.163269
9093.750000 -33.032753
9117.187500 -31.975792
9140.625000 -32.124298
9164.062500 -32.835716
9187.500000 -32.702080
9210.937500 -32.683784
9234.375000 -33.405067
9257.812500 -34.196007
9281.250000 -33.472694
9304.687500 -32.509010
9328.125000 -32.828545
9351.562500 -33.416794
9375.000000 -33.333176
9398.437500 -34.016418
9421.875000 -34.240440
9445.312500 -33.241745
9468.750000 -32.836845
9492.187500 -32.804459
9515.625000 -32.743179
9539.062500 -33.275253
9562.500000 -33.304199
9585.937500 -33.238792
9609.375000 -33.362823
9632.812500 -33.229713
9656.250000 -33.339493
9679.687500 -33.822662
9703.125000 -33.824738
9726.562500 -32.794983
9750.000000 -32.540642
9773.437500 -33.131157
9796.875000 -33.656082
9820.312500 -33.225151
9843.750000 -32.918907
9867.187500 -31.623611
9890.625000 -32.091591
9914.062500 -33.751762
9937.500000 -33.147888
9960.937500 -34.414009
9984.375000 -34.735573
10007.812500 -33.372108
10031.250000 -33.663063
10054.687500 -32.222450
10078.125000 -30.333992
10101.562500 -29.217789
10125.000000 -30.595581
10148.437500 -31.699432
10171.875000 -29.248589
10195.312500 -25.150192
10218.750000 -24.547157
10242.187500 -27.936325
10265.625000 -31.336990
10289.062500 -30.227028
10312.500000 -28.600090
10335.937500 -28.467262
10359.375000 -30.698074
10382.812500 -33.882675
10406.250000 -33.915154
10429.687500 -33.779129
10453.125000 -34.045677
10476.562500 -33.821648
10500.000000 -34.482056
10523.437500 -34.013733
10546.875000 -33.995827
10570.312500 -34.850716
10593.750000 -34.653282
10617.187500 -33.658371
10640.625000 -33.504646
10664.062500 -33.696213
10687.500000 -33.899300
10710.937500 -33.633980
10734.375000 -34.163063
10757.812500 -34.472725
10781.250000 -34.424294
10804.687500 -34.155678
10828.125000 -33.957718
10851.562500 -34.310036
10875.000000 -35.002472
10898.437500 -34.883499
10921.875000 -34.769409
10945.312500 -34.681198
10968.750000 -35.446434
10992.187500 -35.375488
11015.625000 -33.761841
11039.062500 -33.802673
11062.500000 -34.748039
11085.937500 -35.053093
11109.375000 -34.893974
11132.812500 -34.820503
11156.250000 -34.296249
11179.687500 -34.744621
11203.125000 -35.368454
11226.562500 -35.390755
11250.000000 -34.453072
11273.437500 -34.044937
11296.875000 -34.359085
11320.312500 -35.222610
11343.750000 -36.053368
11367.187500 -35.904243
11390.625000 -34.937340
11414.062500 -35.157677
11437.500000 -35.302856
11460.937500 -34.191498
11484.375000 -34.414040
11507.812500 -35.346336
11531.250000 -35.429733
11554.687500 -35.299316
11578.125000 -34.864433
11601.562500 -34.852623
11625.000000 -35.527153
11648.437500 -35.353004
11671.875000 -35.309898
11695.312500 -35.866554
11718.750000 -35.348190
11742.187500 -34.582428
11765.625000 -33.935875
11789.062500 -34.981812
11812.500000 -34.234428
11835.937500 -33.497795
11859.375000 -34.109825
11882.812500 -33.758934
11906.250000 -32.468491
11929.687500 -31.783142
11953.125000 -33.300484
11976.562500 -34.973381
12000.000000 -35.018318
12023.437500 -35.771362
12046.875000 -36.372604
12070.312500 -35.863953
12093.750000 -35.466469
12117.187500 -35.128342
12140.625000 -35.699020
12164.062500 -36.006790
12187.500000 -35.985832
12210.937500 -36.135323
12234.375000 -36.137688
12257.812500 -36.263260
12281.250000 -36.018250
12304.687500 -35.856522
12328.125000 -35.646179
12351.562500 -35.684410
12375.000000 -35.450661
12398.437500 -35.765068
12421.875000 -36.183296
12445.312500 -35.980148
12468.750000 -35.960342
12492.187500 -36.476379
12515.625000 -36.859619
12539.062500 -35.806999
12562.500000 -35.663918
12585.937500 -35.996552
12609.375000 -35.619743
12632.812500 -35.865860
12656.250000 -36.104301
12679.687500 -35.908066
12703.125000 -35.659180
12726.562500 -36.115433
12750.000000 -36.068344
12773.437500 -36.127327
12796.875000 -36.706863
12820.312500 -37.006859
12843.750000 -36.412132
12867.187500 -36.077606
12890.625000 -36.177368
12914.062500 -36.664429
12937.500000 -36.134354
12960.937500 -35.590187
12984.375000 -35.915596
13007.812500 -35.500374
13031.250000 -35.013802
13054.687500 -33.956467
13078.125000 -33.503479
13101.562500 -34.187447
13125.000000 -35.428642
13148.437500 -35.122719
13171.875000 -35.274361
13195.312500 -35.982300
13218.750000 -35.926414
13242.187500 -35.935081
13265.625000 -35.738197
13289.062500 -35.187775
13312.500000 -35.456703
13335.937500 -35.768974
13359.375000 -34.149208
13382.812500 -33.467766
13406.250000 -34.509140
13429.687500 -35.287094
13453.125000 -35.028534
13476.562500 -35.292274
13500.000000 -35.771912
13523.437500 -36.382942
13546.875000 -35.303726
13570.312500 -34.485268
13593.750000 -35.384674
13617.187500 -36.129517
13640.625000 -35.928680
13664.062500 -35.529984
13687.500000 -35.635445
13710.937500 -36.621254
13734.375000 -36.368912
13757.812500 -36.504471
13781.250000 -36.768967
13804.687500 -36.440727
13828.125000 -36.505501
13851.562500 -36.608833
13875.000000 -36.746979
13898.437500 -36.259369
13921.875000 -36.188263
13945.312500 -36.300323
13968.750000 -37.293541
13992.187500 -37.017395
14015.625000 -35.438049
14039.062500 -35.997620
14062.500000 -36.527168
14085.937500 -36.561523
14109.375000 -36.472481
14132.812500 -36.477371
14156.250000 -36.296646
14179.687500 -36.397072
14203.125000 -36.788124
14226.562500 -36.841713
14250.000000 -37.164902
14273.437500 -36.880791
14296.875000 -36.267868
14320.312500 -36.352341
14343.750000 -36.640312
14367.187500 -36.682465
14390.625000 -36.979225
14414.062500 -36.953064
14437.500000 -36.572212
14460.937500 -36.894974
14484.375000 -36.802559
14507.812500 -36.697060
14531.250000 -37.036858
14554.687500 -36.364090
14578.125000 -35.794563
14601.562500 -35.296036
14625.000000 -35.154099
14648.437500 -34.506508
14671.875000 -34.717003
14695.312500 -35.522301
14718.750000 -34.982101
14742.187500 -34.914337
14765.625000 -36.957756
14789.062500 -36.334183
14812.500000 -35.537987
14835.937500 -34.595161
14859.375000 -32.533134
14882.812500 -31.222321
14906.250000 -31.050133
14929.687500 -31.590866
14953.125000 -33.230843
14976.562500 -34.489647
15000.000000 -35.531876
15023.437500 -36.855339
15046.875000 -35.269081
15070.312500 -34.173935
15093.750000 -35.782242
15117.187500 -35.910271
15140.625000 -34.786736
15164.062500 -34.182617
15187.500000 -34.085083
15210.937500 -34.298912
15234.375000 -34.473572
15257.812500 -34.984810
15281.250000 -35.392151
15304.687500 -35.378998
15328.125000 -35.590515
15351.562500 -35.223145
15375.000000 -34.176483
15398.437500 -34.993813
15421.875000 -35.918327
15445.312500 -36.389023
15468.750000 -37.012329
15492.187500 -37.093483
15515.625000 -37.118729
15539.062500 -36.598373
15562.500000 -35.834419
15585.937500 -35.720627
15609.375000 -36.290176
15632.812500 -36.574669
15656.250000 -37.476509
15679.687500 -36.994507
15703.125000 -36.092804
15726.562500 -36.586029
15750.000000 -36.271378
15773.437500 -36.144455
15796.875000 -36.919174
15820.312500 -37.125053
15843.750000 -36.515305
15867.187500 -36.202667
15890.625000 -36.519066
15914.062500 -36.713585
15937.500000 -37.127884
15960.937500 -36.910385
15984.375000 -36.943672
16007.812500 -37.138863
16031.250000 -36.723846
16054.687500 -36.944359
16078.125000 -36.740234
16101.562500 -36.691322
16125.000000 -37.052803
16148.437500 -36.703140
16171.875000 -36.594986
16195.312500 -36.580147
16218.750000 -36.705048
16242.187500 -36.617485
16265.625000 -36.754120
16289.062500 -36.954216
16312.500000 -36.624405
16335.937500 -36.586815
16359.375000 -36.896782
16382.812500 -37.029442
16406.250000 -36.988968
16429.687500 -36.562508
16453.125000 -36.602585
16476.562500 -37.398666
16500.000000 -37.030258
16523.437500 -36.806870
16546.875000 -37.517509
16570.312500 -37.626709
16593.750000 -36.888824
16617.187500 -36.183876
16640.625000 -35.957237
16664.062500 -35.402931
16687.500000 -34.779434
16710.937500 -34.686829
16734.375000 -34.138412
16757.812500 -33.765663
16781.250000 -33.964523
16804.687500 -34.812325
16828.125000 -37.084663
16851.562500 -37.135056
16875.000000 -36.130196
16898.437500 -36.782883
16921.875000 -36.880043
16945.312500 -36.654884
16968.750000 -36.032768
16992.187500 -35.130432
17015.625000 -34.704041
17039.062500 -35.459167
17062.500000 -35.891678
17085.937500 -35.438377
17109.375000 -36.323021
17132.812500 -36.948265
17156.250000 -36.262703
17179.687500 -36.168533
17203.125000 -36.021317
17226.562500 -36.330612
17250.000000 -36.397430
17273.437500 -35.870827
17296.875000 -36.009216
17320.312500 -36.568871
17343.750000 -36.503738
17367.187500 -36.405365
17390.625000 -36.069939
17414.062500 -36.336662
17437.500000 -36.618874
17460.937500 -35.925743
17484.375000 -35.472519
17507.812500 -35.317963
17531.250000 -34.948425
17554.687500 -35.409462
17578.125000 -35.979248
17601.562500 -36.115936
17625.000000 -35.280525
17648.437500 -35.504913
17671.875000 -36.100822
17695.312500 -36.137421
17718.750000 -36.422119
17742.187500 -36.732002
17765.625000 -36.459534
17789.062500 -35.844391
17812.500000 -36.676178
17835.937500 -36.589539
17859.375000 -35.542122
17882.812500 -36.346825
17906.250000 -37.363953
17929.687500 -38.181526
17953.125000 -38.153786
17976.562500 -37.212112
18000.000000 -37.283730
18023.437500 -36.930679
18046.875000 -36.706833
18070.312500 -36.174149
18093.750000 -36.209488
18117.187500 -36.806343
18140.625000 -37.279480
18164.062500 -37.612877
18187.500000 -36.911369
18210.937500 -36.251495
18234.375000 -36.215546
18257.812500 -36.585175
18281.250000 -37.297119
18304.687500 -37.323112
18328.125000 -36.863670
18351.562500 -36.897194
18375.000000 -37.535042
18398.437500 -37.699883
18421.875000 -37.379143
18445.312500 -37.100845
18468.750000 -37.473030
18492.187500 -37.411171
18515.625000 -36.882668
18539.062500 -37.128441
18562.500000 -38.124153
18585.937500 -38.710228
18609.375000 -37.597427
18632.812500 -37.033943
18656.250000 -37.155586
18679.687500 -37.072174
18703.125000 -36.366722
18726.562500 -36.647507
18750.000000 -37.138092
18773.437500 -36.881966
18796.875000 -36.746643
18820.312500 -36.731750
18843.750000 -36.321823
18867.187500 -36.572975
18890.625000 -37.135620
18914.062500 -37.873390
18937.500000 -37.280128
18960.937500 -36.495682
18984.375000 -37.020309
19007.812500 -37.134140
19031.250000 -36.948860
19054.687500 -36.676514
19078.125000 -36.732895
19101.562500 -37.216888
19125.000000 -37.803574
19148.437500 -37.493217
19171.875000 -36.534584
19195.312500 -36.303223
19218.750000 -36.453674
19242.187500 -36.660080
19265.625000 -36.931732
19289.062500 -37.069580
19312.500000 -37.432289
19335.937500 -37.576569
19359.375000 -36.888123
19382.812500 -36.899086
19406.250000 -37.865471
19429.687500 -38.033791
19453.125000 -37.049469
19476.562500 -36.670486
19500.000000 -37.073753
19523.437500 -38.119835
19546.875000 -38.147118
19570.312500 -37.471077
19593.750000 -37.653992
19617.187500 -37.405273
19640.625000 -37.465309
19664.062500 -37.480011
19687.500000 -37.414253
19710.937500 -37.966484
19734.375000 -38.053215
19757.812500 -37.582207
19781.250000 -37.400566
19804.687500 -37.640839
19828.125000 -37.892189
19851.562500 -37.506836
19875.000000 -37.237175
19898.437500 -37.250107
19921.875000 -37.415169
19945.312500 -37.526016
19968.750000 -38.125542
19992.187500 -37.697784
20015.625000 -36.737427
20039.062500 -36.670639
20062.500000 -37.835152
20085.937500 -38.008446
20109.375000 -37.005081
20132.812500 -36.654144
20156.250000 -36.932434
20179.687500 -36.604912
20203.125000 -36.712036
20226.562500 -37.431198
20250.000000 -37.474495
20273.437500 -37.725281
20296.875000 -38.085106
20320.312500 -38.649055
20343.750000 -37.963631
20367.187500 -38.077385
20390.625000 -38.030510
20414.062500 -37.716331
20437.500000 -38.115639
20460.937500 -37.420715
20484.375000 -37.220200
20507.812500 -37.767624
20531.250000 -37.640862
20554.687500 -37.531395
20578.125000 -37.719254
20601.562500 -37.709351
20625.000000 -37.908279
20648.437500 -38.500038
20671.875000 -37.495216
20695.312500 -37.126442
20718.750000 -37.015312
20742.187500 -36.737823
20765.625000 -37.796677
20789.062500 -37.470955
20812.500000 -37.174294
20835.937500 -37.643387
20859.375000 -37.868393
20882.812500 -37.162430
20906.250000 -37.432014
20929.687500 -37.052818
20953.125000 -36.979271
20976.562500 -37.120224
21000.000000 -37.452698
21023.437500 -37.152618
21046.875000 -37.042770
21070.312500 -37.064430
21093.750000 -37.031128
21117.187500 -36.906502
21140.625000 -37.374207
21164.062500 -38.327034
21187.500000 -37.788208
21210.937500 -37.489029
21234.375000 -37.577560
21257.812500 -37.260361
21281.250000 -37.161797
21304.687500 -37.204262
21328.125000 -37.631287
21351.562500 -37.903458
21375.000000 -38.454521
21398.437500 -38.560036
21421.875000 -37.680801
21445.312500 -37.372688
21468.750000 -37.616043
21492.187500 -37.314880
21515.625000 -37.798683
21539.062500 -38.252525
21562.500000 -37.636848
21585.937500 -37.551208
21609.375000 -37.599625
21632.812500 -37.523911
21656.250000 -36.809914
21679.687500 -36.388275
21703.125000 -36.266251
21726.562500 -37.150986
21750.000000 -37.861992
21773.437500 -37.891800
21796.875000 -37.421066
21820.312500 -37.812790
21843.750000 -37.332611
21867.187500 -37.230751
21890.625000 -37.649155
21914.062500 -37.095047
21937.500000 -37.107430
21960.937500 -37.029991
21984.375000 -37.341782
22007.812500 -37.099258
22031.250000 -36.554375
22054.687500 -37.724915
22078.125000 -38.228859
22101.562500 -37.911255
22125.000000 -37.661964
22148.437500 -37.188042
22171.875000 -36.876091
22195.312500 -37.270882
22218.750000 -37.490005
22242.187500 -37.722229
22265.625000 -37.887825
22289.062500 -37.751480
22312.500000 -37.874557
22335.937500 -37.638229
22359.375000 -37.621536
22382.812500 -37.630302
22406.250000 -37.385178
22429.687500 -37.151878
22453.125000 -37.321602
22476.562500 -37.643684
22500.000000 -37.209213
22523.437500 -36.324471
22546.875000 -36.893295
22570.312500 -37.555527
22593.750000 -37.777092
22617.187500 -37.746170
22640.625000 -37.818451
22664.062500 -36.858459
22687.500000 -36.710793
22710.937500 -37.050285
22734.375000 -37.208717
22757.812500 -37.095551
22781.250000 -36.367424
22804.687500 -36.270050
22828.125000 -36.097534
22851.562500 -36.834846
22875.000000 -37.366051
22898.437500 -37.968651
22921.875000 -37.735924
22945.312500 -37.189178
22968.750000 -37.480263
22992.187500 -37.576019
23015.625000 -37.006416
23039.062500 -37.094933
23062.500000 -37.069374
23085.937500 -36.990662
23109.375000 -37.779114
23132.812500 -37.777855
23156.250000 -37.825195
23179.687500 -38.482536
23203.125000 -37.849922
23226.562500 -37.491684
23250.000000 -37.466400
23273.437500 -38.079475
23296.875000 -37.901855
23320.312500 -37.110535
23343.750000 -37.634514
23367.187500 -37.947624
23390.625000 -37.988121
23414.062500 -37.490623
23437.500000 -37.484306
23460.937500 -37.359680
23484.375000 -36.757912
23507.812500 -37.294075
23531.250000 -37.729637
23554.687500 -37.926956
23578.125000 -37.354271
23601.562500 -37.442924
23625.000000 -37.490189
23648.437500 -36.894753
23671.875000 -37.512314
23695.312500 -37.371078
23718.750000 -36.701553
23742.187500 -37.129662
23765.625000 -37.068184
23789.062500 -37.286285
23812.500000 -37.012436
23835.937500 -36.702286
23859.375000 -36.635765
23882.812500 -36.623215
23906.250000 -36.195847
23929.687500 -36.142006
23953.125000 -36.777077
23976.562500 -37.069351
